ya = c(305,	300,	376,	363,	389,	282,	309,	321,	354,	327,	308,	330,	280,	311,	349,	291,	286,	377,	342,	346,	340,	347,	360,	359,	299,	273,	276,	272,	253,	315,	262,	297,	323,	252,	319,	298)
yb = c(287, 317, 285, 376, 363, 389, 282, 432, 309, 321, 354, 330, 280, 323, 311, 321, 377, 342, 346,	347, 360, 359,	299, 273, 276, 272, 315, 262, 297, 323, 252, 319,	298,	285,	317)

trata<-c(rep(1,6),rep(2,6),rep(3,6))
tratb<-c(rep(1,5),rep(2,4),rep(3,9))

suba<-c(2,3,1,2,3,1,1,4,2,3,1,2,2,2,3,1,1,2)
subb<-c(3,3,2,2,1,1,2,2,2,2,1,2,2,1,3,1,1,4)


acido = c(5.6,5.7,5,5,5.1,5.4,5.4,5.4,5.5,5.4,5.3,5.5,7.6,7.6,7.8,7.4,7,7.2,7.5,7.6,7.5,7.4)
tratp = c(rep(1,4),rep(2,3)) 
subc = c(2,3,5,2,3,3,4)
DCAsmD(acido,tratp,subc)
DCAsmD(s,trat,sub)